0                        0
0.1                      0.00494516281432803
0.2                      0.011096459143178725
0.30000000000000004      0.017084305936297256
0.4                      0.023092041379690918
0.5                      0.029146167824874246
0.6000000000000001       0.035163481735758166
0.7000000000000001       0.041172393436282824
0.8                      0.047191700790022266
0.9                      0.05321942968096996
1                        0.05924505504561954
1.1                      0.0652687878480186
1.2000000000000002       0.07129062128566895
1.3                      0.0773132302071367
1.4000000000000001       0.08333692793319987
1.5                      0.08936116159489364
1.6                      0.09538601050453789
1.7000000000000002       0.10141082655240635
1.8                      0.10743492930469774
1.9000000000000001       0.11345887329409522
2                        0.11948287543036584
2.1                      0.12550685039547108
2.2                      0.13153082746979028
2.3000000000000003       0.13755480870452477
2.4000000000000004       0.1435788181510426
2.5                      0.1496028134413306
2.6                      0.15562674625821626
2.7                      0.1616506490629102
2.8000000000000003       0.1676745377955398
2.9000000000000004       0.1736984117248897
3                        0.17972228244964045
3.1                      0.18574614703568545
3.2                      0.19177000987780632
3.3000000000000003       0.19779386715315833
3.4000000000000004       0.20381771335389465
3.5                      0.20984154850837447
3.6                      0.2158653747905071
3.7                      0.22188918719782794
3.8000000000000003       0.22791297691467086
3.9000000000000004       0.23393675263607724
4                        0.2399605250736615
4.1000000000000005       0.24598428744810044
4.2                      0.2520080348539792
4.3                      0.25803179239616586
4.4                      0.2640556169702049
4.5                      0.27007946203127214
4.6000000000000005       0.2761032416122875
4.7                      0.2821269687182692
4.800000000000001        0.28815072147636106
4.9                      0.2941744687010067
5                        0.3001982112906033
5.1000000000000005       0.3062219488687617
5.2                      0.31224568143548187
5.300000000000001        0.3182694092212258
5.4                      0.32429313276863414
5.5                      0.3303168516618478
5.6000000000000005       0.33634056590086686
5.7                      0.34236427565201893
5.800000000000001        0.3483879813596896
5.9                      0.35441168269185697
6                        0.3604353796485207
6.1000000000000005       0.3664590722296811
6.2                      0.372482760435338
6.300000000000001        0.37850644426549146
6.4                      0.3845301237201415
6.5                      0.3905538013166661
6.6000000000000005       0.39657748429742096
6.7                      0.4026011654837059
6.800000000000001        0.40862484487552125
6.9                      0.4146485224728668
7                        0.42067219827574265
7.1000000000000005       0.42669587228414885
7.2                      0.43271955096027676
7.300000000000001        0.43874323117068464
7.4                      0.4447669117474312
7.5                      0.45079059269051674
7.6000000000000005       0.45681427399994123
7.7                      0.4628379556757046
7.800000000000001        0.46886164546224884
7.9                      0.47488535026570056
8                        0.48090906086836394
8.1                      0.4869327772702392
8.200000000000001        0.49295648722153296
8.3                      0.49867643180812393
8.4                      0.4989802992330512
8.5                      0.49898036449719413
8.6                      0.49898041833489276
8.700000000000001        0.49898047053704925
8.8                      0.4989805115642096
8.9                      0.49898055259136986
9                        0.4989805936185302
9.1                      0.49898063455106734
9.200000000000001        0.4989806625257923
9.3                      0.49898069050051735
9.4                      0.49898071847524234
9.5                      0.49898074644996726
9.600000000000001        0.49898077442469224
9.700000000000001        0.49898080239941733
9.8                      0.49898083037414226
9.9                      0.49898085834886724
10                       0.4989808775752535
10.100000000000001       0.4989808941352085
10.200000000000001       0.49898091069516337
10.3                     0.49898092725511833
10.4                     0.49898094381507324
10.5                     0.4989809603750282
10.600000000000001       0.49898097693498317
10.700000000000001       0.4989809934949381
10.8                     0.4989810100548929
10.9                     0.4989810266148479
11                       0.4989810431748028
11.100000000000001       0.49898105973475776
11.200000000000001       0.49898107629471267
11.3                     0.49898109285466763
11.4                     0.4989811094146225
11.5                     0.4989811259745774
11.600000000000001       0.49898114080578065
11.700000000000001       0.4989811512939017
11.8                     0.4989811617820227
11.9                     0.4989811722701436
12                       0.4989811827582646
12.100000000000001       0.49898119324638557
12.200000000000001       0.4989812037345065
12.3                     0.4989812142226275
12.4                     0.49898122471074846
12.5                     0.4989812351988694
12.600000000000001       0.49898124568699037
12.700000000000001       0.4989812561751113
12.8                     0.4989812666632323
12.9                     0.4989812771513533
13                       0.4989812876394743
13.100000000000001       0.4989812981275953
13.200000000000001       0.4989813086157162
13.3                     0.4989813191038372
13.4                     0.4989813295919581
13.5                     0.4989813400800791
13.600000000000001       0.4989813505682001
13.700000000000001       0.498981361056321
13.8                     0.498981371544442
13.9                     0.4989813820325629
14                       0.4989813925206839
14.100000000000001       0.49898140300880495
14.200000000000001       0.49898141349692593
14.3                     0.4989814239850469
14.4                     0.49898143447316784
14.5                     0.4989814449612888
14.600000000000001       0.49898145544940975
14.700000000000001       0.49898146593753073
14.8                     0.4989814764256517
14.9                     0.49898148583846996
15                       0.49898149298027566
15.100000000000001       0.4989815001220815
15.200000000000001       0.49898150726388724
15.3                     0.49898151440569305
15.4                     0.49898152154749864
15.5                     0.49898152868930445
15.600000000000001       0.4989815358311102
15.700000000000001       0.498981542972916
15.8                     0.49898155011472173
15.9                     0.49898155725652754
16                       0.49898156439833324
16.1                     0.49898157154013906
16.2                     0.4989815786819448
16.3                     0.49898158582375063
16.400000000000002       0.49898159296555633
16.5                     0.49898160010736203
16.6                     0.4989816072491678
16.7                     0.4989816143909736
16.8                     0.4989816215327793
16.900000000000002       0.4989816286745851
17                       0.4989816358163908
17.1                     0.49898164295819664
17.2                     0.4989816501000024
17.3                     0.4989816572418082
17.400000000000002       0.4989816643836139
17.5                     0.4989816715254197
17.6                     0.4989816786672254
17.7                     0.4989816858090312
17.8                     0.4989816929508369
17.900000000000002       0.4989817000926427
18                       0.4989817072344484
18.1                     0.4989817143762542
18.2                     0.49898172151806
18.3                     0.4989817286598658
18.400000000000002       0.4989817358016715
18.5                     0.4989817429434773
18.6                     0.498981750085283
18.7                     0.4989817572270888
18.8                     0.4989817643688946
18.900000000000002       0.4989817715107003
19                       0.498981778652506
19.1                     0.4989817857943118
19.200000000000003       0.49898179293611755
19.3                     0.49898180007792337
19.400000000000002       0.49898180721972907
19.5                     0.4989818143615349
19.6                     0.4989818215033406
19.700000000000003       0.4989818286451464
19.8                     0.49898183578695215
19.900000000000002       0.49898184292875797
20                       0.49898185007056367
20.1                     0.4989818572123694
20.200000000000003       0.49898186435417513
20.3                     0.49898187149598094
20.400000000000002       0.49898187863778665
20.5                     0.49898188577959246
20.6                     0.49898189292139816
20.700000000000003       0.498981900063204
20.8                     0.49898190720500973
20.900000000000002       0.49898191434681555
21                       0.49898192148862125
21.1                     0.49898192863042706
21.200000000000003       0.49898193577223277
21.3                     0.4989819429140385
21.400000000000002       0.4989819500558442
21.5                     0.4989819560356398
21.6                     0.49898196023255326
21.700000000000003       0.4989819644294667
21.8                     0.49898196862638006
21.900000000000002       0.49898197282329343
22                       0.49898197702020686
22.1                     0.49898198121712023
22.200000000000003       0.4989819854140336
22.3                     0.498981989610947
22.400000000000002       0.49898199380786046
22.5                     0.4989819980047739
22.6                     0.49898200220168726
22.700000000000003       0.49898200639860063
22.8                     0.49898201059551406
22.900000000000002       0.49898201479242743
23                       0.4989820189893408
23.1                     0.4989820231862543
23.200000000000003       0.49898202738316766
23.3                     0.498982031580081
23.400000000000002       0.49898203577699435
23.5                     0.49898203997390783
23.6                     0.49898204417082126
23.700000000000003       0.49898204836773463
23.8                     0.498982052564648
23.900000000000002       0.4989820567615615
24                       0.4989820609584748
24.1                     0.4989820651553882
24.200000000000003       0.49898206935230166
24.3                     0.49898207354921503
24.400000000000002       0.49898207774612846
24.5                     0.49898208194304183
24.6                     0.4989820861399552
24.700000000000003       0.49898209033686863
24.8                     0.498982094533782
24.900000000000002       0.4989820987306954
25                       0.49898210292760886
25.1                     0.49898210712452223
25.200000000000003       0.49898211132143566
25.3                     0.49898211551834903
25.400000000000002       0.4989821197152624
25.5                     0.49898212391217583
25.6                     0.4989821281090892
25.700000000000003       0.4989821323060026
25.8                     0.49898213650291606
25.900000000000002       0.4989821406998295
26                       0.49898214489674275
26.1                     0.49898214909365624
26.200000000000003       0.4989821532905696
26.3                     0.49898215748748304
26.400000000000002       0.4989821616843964
26.5                     0.4989821658813098
26.6                     0.4989821700782232
26.700000000000003       0.4989821742751366
26.8                     0.49898217847204995
26.900000000000002       0.49898218266896344
27                       0.4989821868658768
27.1                     0.49898219106279024
27.200000000000003       0.4989821952597036
27.3                     0.498982199456617
27.400000000000002       0.4989822036535304
27.5                     0.4989822078504438
27.6                     0.49898221204735715
27.700000000000003       0.49898221624427064
27.8                     0.49898222044118407
27.900000000000002       0.49898222463809744
28                       0.4989822288350108
28.1                     0.49898223303192424
28.200000000000003       0.4989822372288376
28.3                     0.498982241425751
28.400000000000002       0.49898224562266436
28.5                     0.49898224981957784
28.6                     0.49898225401649116
28.700000000000003       0.49898225821340453
28.8                     0.498982262410318
28.900000000000002       0.49898226660723144
29                       0.4989822708041448
29.1                     0.4989822750010582
29.200000000000003       0.49898227919797167
29.3                     0.498982283394885
29.400000000000002       0.49898228759179836
29.5                     0.49898229178871184
29.6                     0.4989822959856252
29.700000000000003       0.49898230018253864
29.8                     0.498982304379452
29.900000000000002       0.4989823085763654
30                       0.4989823127732788
30.1                     0.4989823169701922
30.200000000000003       0.49898232116710556
30.3                     0.49898232536401904
30.400000000000002       0.4989823295609324
30.5                     0.49898233375784584
30.6                     0.4989823379547592
30.700000000000003       0.4989823421516726
30.8                     0.498982345578886
30.900000000000002       0.4989823478251421
31                       0.4989823500713981
31.1                     0.4989823523176542
31.200000000000003       0.4989823545639103
31.3                     0.4989823568101663
31.400000000000002       0.4989823590564224
31.5                     0.4989823613026785
31.6                     0.4989823635489346
31.700000000000003       0.4989823657951907
31.8                     0.4989823680414467
31.900000000000002       0.4989823702877028
32                       0.4989823725339589
32.1                     0.4989823747802149
32.2                     0.4989823770264711
32.300000000000004       0.4989823792727271
32.4                     0.49898238151898316
32.5                     0.4989823837652393
32.6                     0.4989823860114953
32.7                     0.4989823882577514
32.800000000000004       0.4989823905040075
32.9                     0.49898239275026357
33                       0.4989823949965196
33.1                     0.4989823972427757
33.2                     0.4989823994890318
33.300000000000004       0.4989824017352879
33.4                     0.4989824039815439
33.5                     0.4989824062278
33.6                     0.4989824084740561
33.7                     0.4989824107203121
33.800000000000004       0.4989824129665682
33.9                     0.4989824152128243
34                       0.4989824174590804
34.1                     0.49898241970533647
34.2                     0.4989824219515925
34.300000000000004       0.4989824241978486
34.4                     0.4989824264441047
34.5                     0.4989824286903607
34.6                     0.49898243093661687
34.7                     0.4989824331828729
34.800000000000004       0.49898243542912896
34.9                     0.4989824376753851
35                       0.4989824399216411
35.1                     0.49898244216789717
35.2                     0.4989824444141533
35.300000000000004       0.49898244666040936
35.4                     0.4989824489066655
35.5                     0.4989824511529215
35.6                     0.4989824533991776
35.7                     0.4989824556454337
35.800000000000004       0.4989824578916897
35.9                     0.4989824601379458
36                       0.4989824623842019
36.1                     0.498982464630458
36.2                     0.498982466876714
36.300000000000004       0.4989824691229701
36.4                     0.4989824713692262
36.5                     0.49898247361548226
36.6                     0.4989824758617384
36.7                     0.4989824781079944
36.800000000000004       0.49898248035425047
36.9                     0.4989824826005065
37                       0.49898248484676266
37.1                     0.4989824870930188
37.2                     0.49898248933927475
37.300000000000004       0.4989824915855309
37.4                     0.4989824938317869
37.5                     0.49898249607804296
37.6                     0.4989824983242991
37.7                     0.49898250057055515
37.800000000000004       0.4989825028168113
37.9                     0.4989825050630673
38                       0.49898250730932336
38.1                     0.4989825095555795
38.2                     0.4989825118018355
38.300000000000004       0.4989825140480916
38.400000000000006       0.4989825162943477
38.5                     0.49898251854060377
38.6                     0.4989825207868598
38.7                     0.4989825230331159
38.800000000000004       0.498982525279372
38.900000000000006       0.49898252752562805
39                       0.4989825297718842
39.1                     0.4989825320181402
39.2                     0.49898253426439626
39.300000000000004       0.4989825365106524
39.400000000000006       0.49898253875690846
39.5                     0.4989825410031646
39.6                     0.49898254324942054
39.7                     0.49898254549567667
39.800000000000004       0.4989825477419328
39.900000000000006       0.49898254998818875
40                       0.4989825522344449
40.1                     0.49898255406981945
40.2                     0.4989825552747749
40.300000000000004       0.49898255647973044
40.400000000000006       0.4989825576846859
40.5                     0.4989825588896414
40.6                     0.4989825600945969
40.7                     0.4989825612995524
40.800000000000004       0.4989825625045079
40.900000000000006       0.49898256370946337
41                       0.4989825649144189
41.1                     0.49898256611937436
41.2                     0.4989825673243299
41.300000000000004       0.49898256852928535
41.400000000000006       0.4989825697342408
41.5                     0.49898257093919635
41.6                     0.4989825721441518
41.7                     0.49898257334910734
41.800000000000004       0.4989825745540628
41.900000000000006       0.49898257575901833
42                       0.4989825769639738
42.1                     0.4989825781689293
42.2                     0.4989825793738848
42.300000000000004       0.49898258057884026
42.400000000000006       0.4989825817837958
42.5                     0.49898258298875126
42.6                     0.49898258419370684
42.7                     0.49898258539866236
42.800000000000004       0.49898258660361783
42.900000000000006       0.49898258780857335
43                       0.4989825890135288
43.1                     0.4989825902184843
43.2                     0.4989825914234398
43.300000000000004       0.4989825926283953
43.400000000000006       0.4989825938333508
43.5                     0.4989825950383063
43.6                     0.4989825962432618
43.7                     0.49898259744821727
43.800000000000004       0.49898259865317274
43.900000000000006       0.49898259985812826
44                       0.49898260106308373
44.1                     0.49898260226803925
44.2                     0.4989826034729947
44.300000000000004       0.49898260467795025
44.400000000000006       0.4989826058829057
44.5                     0.49898260708786124
44.6                     0.4989826082928167
44.7                     0.4989826094977722
44.800000000000004       0.4989826107027277
44.900000000000006       0.49898261190768317
45                       0.4989826131126387
45.1                     0.49898261431759416
45.2                     0.4989826155225497
45.300000000000004       0.49898261672750516
45.400000000000006       0.4989826179324607
45.5                     0.49898261913741615
45.6                     0.4989826203423716
45.7                     0.49898262154732714
45.800000000000004       0.4989826227522826
45.900000000000006       0.49898262395723814
46                       0.4989826251621936
46.1                     0.49898262636714913
46.2                     0.4989826275721046
46.300000000000004       0.4989826287770602
46.400000000000006       0.49898262998201565
46.5                     0.49898263118697117
46.6                     0.49898263239192664
46.7                     0.49898263359688216
46.800000000000004       0.49898263480183763
46.900000000000006       0.49898263600679316
47                       0.4989826372117486
47.1                     0.4989826384167041
47.2                     0.4989826396216596
47.300000000000004       0.4989826408266151
47.400000000000006       0.4989826420315706
47.5                     0.4989826432365261
47.6                     0.4989826444414816
47.7                     0.4989826456464371
47.800000000000004       0.4989826468513926
47.900000000000006       0.49898264805634807
48                       0.49898264926130353
48.1                     0.49898265046625906
48.2                     0.4989826516712145
48.300000000000004       0.49898265287617005
48.400000000000006       0.4989826540811255
48.5                     0.49898265528608104
48.6                     0.4989826564910365
48.7                     0.49898265769599204
48.800000000000004       0.4989826589009475
48.900000000000006       0.498982660105903
49                       0.4989826613108585
49.1                     0.49898266251581397
49.2                     0.4989826637207695
49.300000000000004       0.49898266492572496
49.400000000000006       0.49898266591078494
49.5                     0.4989826665584572
49.6                     0.49898266720612955
49.7                     0.49898266785380185
49.800000000000004       0.4989826685014742
49.900000000000006       0.4989826691491465
50                       0.49898266979681877
50.1                     0.4989826704444911
50.2                     0.49898267109216343
50.300000000000004       0.4989826717398357
50.400000000000006       0.49898267238750804
50.5                     0.49898267303518046
50.6                     0.4989826736828527
50.7                     0.498982674330525
50.800000000000004       0.49898267497819726
50.900000000000006       0.4989826756258696
51                       0.49898267627354204
51.1                     0.4989826769212143
51.2                     0.4989826775688866
51.300000000000004       0.49898267821655895
51.400000000000006       0.4989826788642312
51.5                     0.49898267951190356
51.6                     0.49898268015957586
51.7                     0.49898268080724817
51.800000000000004       0.49898268145492053
51.900000000000006       0.4989826821025928
52                       0.4989826827502651
52.1                     0.49898268339793744
52.2                     0.49898268404560975
52.300000000000004       0.4989826846932821
52.400000000000006       0.49898268534095436
52.5                     0.49898268598862666
52.6                     0.498982686636299
52.7                     0.4989826872839713
52.800000000000004       0.4989826879316437
52.900000000000006       0.49898268857931594
53                       0.49898268922698824
53.1                     0.4989826898746606
53.2                     0.49898269052233285
53.300000000000004       0.49898269117000527
53.400000000000006       0.4989826918176775
53.5                     0.4989826924653498
53.6                     0.4989826931130222
53.7                     0.49898269376069443
53.800000000000004       0.49898269440836673
53.900000000000006       0.4989826950560391
54                       0.49898269570371145
54.1                     0.49898269635138376
54.2                     0.498982696999056
54.300000000000004       0.4989826976467283
54.400000000000006       0.4989826982944007
54.5                     0.49898269894207303
54.6                     0.49898269958974534
54.7                     0.4989827002374176
54.800000000000004       0.4989827008850899
54.900000000000006       0.49898270153276225
55                       0.4989827021804346
55.1                     0.4989827028281069
55.2                     0.49898270347577917
55.300000000000004       0.4989827041234515
55.400000000000006       0.49898270477112383
55.5                     0.4989827054187961
55.6                     0.4989827060664685
55.7                     0.49898270671414074
55.800000000000004       0.4989827073618131
55.900000000000006       0.4989827080094854
56                       0.49898270865715766
56.1                     0.49898270930482996
56.2                     0.4989827099525023
56.300000000000004       0.4989827106001747
56.400000000000006       0.498982711247847
56.5                     0.49898271189551924
56.6                     0.4989827125431916
56.7                     0.4989827131908639
56.800000000000004       0.49898271383853626
56.900000000000006       0.49898271448620857
57                       0.4989827151338808
57.1                     0.4989827157815532
57.2                     0.4989827164292255
57.300000000000004       0.49898271707689784
57.400000000000006       0.49898271772457015
57.5                     0.4989827183722424
57.6                     0.49898271901991476
57.7                     0.49898271966758706
57.800000000000004       0.4989827203152593
57.900000000000006       0.4989827209629317
58                       0.4989827216106041
58.1                     0.49898272225827633
58.2                     0.49898272290594864
58.300000000000004       0.4989827235536209
58.400000000000006       0.4989827242012933
58.5                     0.49898272484896566
58.6                     0.4989827254966379
58.7                     0.4989827142884213
58.800000000000004       0.49898268488961334
58.900000000000006       0.49898265549080545
59                       0.4989826260919974
59.1                     0.49898259669318945
59.2                     0.4989825672943816
59.300000000000004       0.49898253789557356
59.400000000000006       0.4989825084967657
59.5                     0.49898247909795773
59.6                     0.4989824496991498
59.7                     0.49898242030034184
59.800000000000004       0.49898239090153385
59.900000000000006       0.4989823615027259
60                       0.49898233210391796
60.1                     0.49898230270511
60.2                     0.4989822733063021
60.300000000000004       0.4989822439074942
60.400000000000006       0.49898221450868613
60.5                     0.4989821851098783
60.6                     0.4989821557110703
60.7                     0.49898212631226235
60.800000000000004       0.4989820969134544
60.900000000000006       0.49898206751464647
61                       0.4989820381158386
61.1                     0.4989820087170306
61.2                     0.4989819793182226
61.300000000000004       0.49898194991941475
61.400000000000006       0.4989819205206067
61.5                     0.4989818911217988
61.6                     0.49898186172299086
61.7                     0.4989818323241829
61.800000000000004       0.498981802925375
61.900000000000006       0.49898177352656703
62                       0.49898174412775903
62.1                     0.4989817147289511
62.2                     0.49898168533014314
62.300000000000004       0.49898165593133526
62.400000000000006       0.49898162653252726
62.5                     0.49898159713371926
62.6                     0.4989815677349114
62.7                     0.4989815383361035
62.800000000000004       0.49898150893729554
62.900000000000006       0.49898147953848754
63                       0.4989814501396796
63.1                     0.49898142074087165
63.2                     0.4989813913420637
63.300000000000004       0.49898136194325576
63.400000000000006       0.4989813325444479
63.5                     0.4989813031456398
63.6                     0.498981273746832
63.7                     0.498981244348024
63.800000000000004       0.49898121494921605
63.900000000000006       0.4989811855504081
64                       0.49898115615160016
64.10000000000001        0.4989811267527922
64.2                     0.4989810973539842
64.3                     0.49898106795517627
64.4                     0.49898103855636844
64.5                     0.4989810091575604
64.60000000000001        0.49898097975875244
64.7                     0.49898095035994455
64.8                     0.4989809209611365
64.9                     0.49898089156232867
65                       0.49898086216352067
65.10000000000001        0.4989808327647127
65.2                     0.4989808033659048
65.3                     0.49898077396709684
65.4                     0.4989807445682889
65.5                     0.49898071516948095
65.60000000000001        0.49898068577067295
65.7                     0.4989806563718651
65.8                     0.4989806269730572
65.9                     0.4989805975742491
66                       0.49898056817544123
66.10000000000001        0.4989805387766333
66.2                     0.49898050937782534
66.3                     0.4989804799790174
66.4                     0.4989804505802094
66.5                     0.49898042118140157
66.60000000000001        0.4989803917825935
66.7                     0.49898036238378557
66.8                     0.4989803329849777
66.9                     0.4989803035861696
67                       0.4989802741873618
67.10000000000001        0.49898024478855385
67.2                     0.4989802153897459
67.3                     0.4989801859909379
67.4                     0.49898015659212996
67.5                     0.498980127193322
67.60000000000001        0.4989800977945141
67.7                     0.49898006839570613
67.8                     0.49898003899689825
67.9                     0.4989800095980902
68                       0.49412119297793194
68.10000000000001        0.13945135560806482
68.1103196061146         0.13827171746673567
