0                        0
0.1                      0.006024096385542168
0.2                      0.012048192771084336
0.30000000000000004      0.01807228915662651
0.4                      0.024096385542168672
0.5                      0.03012048192771084
0.6000000000000001       0.03614457831325301
0.7000000000000001       0.04216867469879518
0.8                      0.048192771084337345
0.9                      0.05421686746987951
1                        0.06024096385542169
1.1                      0.06626506024096386
1.2000000000000002       0.07228915662650605
1.3                      0.07831325301204818
1.4000000000000001       0.08433734939759036
1.5                      0.09036144578313252
1.6                      0.09638554216867469
1.7000000000000002       0.10240963855421685
1.8                      0.10843373493975902
1.9000000000000001       0.11445783132530118
2                        0.12048192771084336
2.1                      0.12650602409638556
2.2                      0.13253012048192772
2.3000000000000003       0.1385542168674699
2.4000000000000004       0.14457831325301204
2.5                      0.15060240963855417
2.6                      0.15662650602409636
2.7                      0.16265060240963852
2.8000000000000003       0.1686746987951807
2.9000000000000004       0.1746987951807229
3                        0.18072289156626503
3.1                      0.18674698795180722
3.2                      0.19277108433734938
3.3000000000000003       0.1987951807228916
3.4000000000000004       0.20481927710843378
3.5                      0.21084337349397594
3.6                      0.21686746987951805
3.7                      0.2228915662650602
3.8000000000000003       0.22891566265060243
3.9000000000000004       0.23493975903614459
4                        0.24096385542168672
4.1000000000000005       0.24698795180722893
4.2                      0.2530120481927711
4.3                      0.2590361445783133
4.4                      0.26506024096385544
4.5                      0.27108433734939763
4.6000000000000005       0.2771084337349398
4.7                      0.2831325301204819
4.800000000000001        0.28915662650602414
4.9                      0.2951807228915663
5                        0.3012048192771084
5.1000000000000005       0.3072289156626506
5.2                      0.3132530120481927
5.300000000000001        0.3192771084337349
5.4                      0.3253012048192771
5.5                      0.33132530120481923
5.6000000000000005       0.3373493975903614
5.7                      0.34337349397590355
5.800000000000001        0.3493975903614458
5.9                      0.35542168674698793
6                        0.36144578313253006
6.1000000000000005       0.36746987951807225
6.2                      0.3734939759036144
6.300000000000001        0.3795180722891566
6.4                      0.38554216867469876
6.5                      0.3915662650602409
6.6000000000000005       0.397590361445783
6.7                      0.40361445783132527
6.800000000000001        0.4096385542168674
6.9                      0.4156626506024096
7                        0.4216867469879517
7.1000000000000005       0.42771084337349397
7.2                      0.4337349397590361
7.300000000000001        0.4397590361445783
7.4                      0.4457831325301204
7.5                      0.4518072289156626
7.6000000000000005       0.45783132530120485
7.7                      0.463855421686747
7.800000000000001        0.46987951807228917
7.9                      0.47590361445783125
8                        0.48192771084337344
8.1                      0.48795180722891557
8.200000000000001        0.49397590361445787
8.3                      0.49969620573820145
8.4                      0.5
8.5                      0.5
8.6                      0.5
8.700000000000001        0.5
8.8                      0.5
8.9                      0.5
9                        0.5
9.1                      0.5
9.200000000000001        0.5
9.3                      0.5
9.4                      0.5
9.5                      0.5
9.600000000000001        0.5
9.700000000000001        0.5
9.8                      0.5
9.9                      0.5
10                       0.5
10.100000000000001       0.5
10.200000000000001       0.5000000000000001
10.3                     0.5000000000000001
10.4                     0.5000000000000001
10.5                     0.5000000000000001
10.600000000000001       0.5000000000000001
10.700000000000001       0.5000000000000001
10.8                     0.5000000000000001
10.9                     0.5000000000000001
11                       0.5000000000000001
11.100000000000001       0.5000000000000001
11.200000000000001       0.5000000000000001
11.3                     0.5000000000000001
11.4                     0.5000000000000001
11.5                     0.5000000000000001
11.600000000000001       0.5000000000000001
11.700000000000001       0.5000000000000001
11.8                     0.5000000000000001
11.9                     0.5000000000000001
12                       0.5000000000000001
12.100000000000001       0.5000000000000001
12.200000000000001       0.5000000000000001
12.3                     0.5000000000000001
12.4                     0.5000000000000001
12.5                     0.5000000000000001
12.600000000000001       0.5000000000000001
12.700000000000001       0.5000000000000001
12.8                     0.5000000000000001
12.9                     0.5000000000000001
13                       0.5000000000000001
13.100000000000001       0.5000000000000001
13.200000000000001       0.5000000000000001
13.3                     0.5000000000000001
13.4                     0.5000000000000001
13.5                     0.5000000000000001
13.600000000000001       0.5000000000000001
13.700000000000001       0.5000000000000001
13.8                     0.5000000000000001
13.9                     0.5000000000000001
14                       0.5000000000000001
14.100000000000001       0.5000000000000001
14.200000000000001       0.5000000000000001
14.3                     0.5000000000000001
14.4                     0.5000000000000001
14.5                     0.5000000000000001
14.600000000000001       0.5000000000000001
14.700000000000001       0.5000000000000001
14.8                     0.5000000000000001
14.9                     0.5000000000000001
15                       0.5000000000000001
15.100000000000001       0.5000000000000001
15.200000000000001       0.5000000000000001
15.3                     0.5000000000000001
15.4                     0.5000000000000001
15.5                     0.5000000000000001
15.600000000000001       0.5000000000000001
15.700000000000001       0.5000000000000001
15.8                     0.5000000000000001
15.9                     0.5000000000000001
16                       0.5000000000000001
16.1                     0.5000000000000001
16.2                     0.5000000000000001
16.3                     0.5000000000000001
16.400000000000002       0.5000000000000001
16.5                     0.5000000000000001
16.6                     0.5000000000000001
16.7                     0.5000000000000001
16.8                     0.5000000000000001
16.900000000000002       0.5000000000000001
17                       0.5000000000000001
17.1                     0.5000000000000001
17.2                     0.5000000000000001
17.3                     0.5000000000000001
17.400000000000002       0.5000000000000001
17.5                     0.5000000000000001
17.6                     0.5000000000000001
17.7                     0.5000000000000001
17.8                     0.5000000000000001
17.900000000000002       0.5000000000000001
18                       0.5000000000000001
18.1                     0.5000000000000001
18.2                     0.5000000000000001
18.3                     0.5000000000000001
18.400000000000002       0.5000000000000001
18.5                     0.5000000000000001
18.6                     0.5000000000000001
18.7                     0.5000000000000001
18.8                     0.5000000000000001
18.900000000000002       0.5000000000000001
19                       0.5000000000000001
19.1                     0.5000000000000001
19.200000000000003       0.5000000000000001
19.3                     0.5000000000000001
19.400000000000002       0.5000000000000001
19.5                     0.5000000000000001
19.6                     0.5000000000000001
19.700000000000003       0.5000000000000001
19.8                     0.5000000000000001
19.900000000000002       0.5000000000000001
20                       0.5000000000000001
20.1                     0.5000000000000001
20.200000000000003       0.5000000000000001
20.3                     0.5000000000000001
20.400000000000002       0.5000000000000001
20.5                     0.5000000000000001
20.6                     0.5000000000000001
20.700000000000003       0.5000000000000001
20.8                     0.5000000000000001
20.900000000000002       0.5000000000000001
21                       0.5000000000000001
21.1                     0.5000000000000001
21.200000000000003       0.5000000000000001
21.3                     0.5000000000000001
21.400000000000002       0.5000000000000001
21.5                     0.5000000000000001
21.6                     0.5000000000000001
21.700000000000003       0.5000000000000001
21.8                     0.5000000000000001
21.900000000000002       0.5000000000000001
22                       0.5000000000000001
22.1                     0.5000000000000001
22.200000000000003       0.5000000000000001
22.3                     0.5000000000000001
22.400000000000002       0.5000000000000001
22.5                     0.5000000000000001
22.6                     0.5000000000000001
22.700000000000003       0.5000000000000001
22.8                     0.5000000000000001
22.900000000000002       0.5000000000000001
23                       0.5000000000000001
23.1                     0.5000000000000001
23.200000000000003       0.5000000000000001
23.3                     0.5000000000000001
23.400000000000002       0.5000000000000001
23.5                     0.5000000000000001
23.6                     0.5000000000000001
23.700000000000003       0.5000000000000001
23.8                     0.5000000000000001
23.900000000000002       0.5000000000000001
24                       0.5000000000000001
24.1                     0.5000000000000001
24.200000000000003       0.5000000000000001
24.3                     0.5000000000000001
24.400000000000002       0.5000000000000001
24.5                     0.5000000000000001
24.6                     0.5000000000000001
24.700000000000003       0.5000000000000001
24.8                     0.5000000000000001
24.900000000000002       0.5000000000000001
25                       0.5000000000000001
25.1                     0.5000000000000001
25.200000000000003       0.5000000000000001
25.3                     0.5000000000000001
25.400000000000002       0.5000000000000001
25.5                     0.5000000000000001
25.6                     0.5000000000000001
25.700000000000003       0.5000000000000001
25.8                     0.5000000000000001
25.900000000000002       0.5000000000000001
26                       0.5000000000000001
26.1                     0.5000000000000001
26.200000000000003       0.5000000000000001
26.3                     0.5000000000000001
26.400000000000002       0.5000000000000001
26.5                     0.5000000000000001
26.6                     0.5000000000000001
26.700000000000003       0.5000000000000001
26.8                     0.5000000000000001
26.900000000000002       0.5000000000000001
27                       0.5000000000000001
27.1                     0.5000000000000001
27.200000000000003       0.5000000000000001
27.3                     0.5000000000000001
27.400000000000002       0.5000000000000001
27.5                     0.5000000000000001
27.6                     0.5000000000000001
27.700000000000003       0.5000000000000001
27.8                     0.5000000000000001
27.900000000000002       0.5000000000000001
28                       0.5000000000000001
28.1                     0.5000000000000001
28.200000000000003       0.5000000000000001
28.3                     0.5000000000000001
28.400000000000002       0.5000000000000001
28.5                     0.5000000000000001
28.6                     0.5000000000000001
28.700000000000003       0.5000000000000001
28.8                     0.5000000000000001
28.900000000000002       0.5000000000000001
29                       0.5000000000000001
29.1                     0.5000000000000001
29.200000000000003       0.5000000000000001
29.3                     0.5000000000000001
29.400000000000002       0.5000000000000001
29.5                     0.5000000000000001
29.6                     0.5000000000000001
29.700000000000003       0.5000000000000001
29.8                     0.5000000000000001
29.900000000000002       0.5000000000000001
30                       0.5000000000000001
30.1                     0.5000000000000001
30.200000000000003       0.5000000000000001
30.3                     0.5000000000000001
30.400000000000002       0.5000000000000001
30.5                     0.5000000000000001
30.6                     0.5000000000000001
30.700000000000003       0.5000000000000001
30.8                     0.5000000000000001
30.900000000000002       0.5000000000000001
31                       0.5000000000000001
31.1                     0.5000000000000001
31.200000000000003       0.5000000000000001
31.3                     0.5000000000000001
31.400000000000002       0.5000000000000001
31.5                     0.5000000000000001
31.6                     0.5000000000000001
31.700000000000003       0.5000000000000001
31.8                     0.5000000000000001
31.900000000000002       0.5000000000000001
32                       0.5000000000000001
32.1                     0.5000000000000001
32.2                     0.5000000000000001
32.300000000000004       0.5000000000000001
32.4                     0.5000000000000001
32.5                     0.5000000000000001
32.6                     0.5000000000000001
32.7                     0.5000000000000001
32.800000000000004       0.5000000000000001
32.9                     0.5000000000000001
33                       0.5000000000000001
33.1                     0.5000000000000001
33.2                     0.5000000000000001
33.300000000000004       0.5000000000000001
33.4                     0.5000000000000001
33.5                     0.5000000000000001
33.6                     0.5000000000000001
33.7                     0.5000000000000001
33.800000000000004       0.5000000000000001
33.9                     0.5000000000000001
34                       0.5000000000000001
34.1                     0.5000000000000001
34.2                     0.5000000000000001
34.300000000000004       0.5000000000000001
34.4                     0.5000000000000001
34.5                     0.5000000000000001
34.6                     0.5000000000000001
34.7                     0.5000000000000001
34.800000000000004       0.5000000000000001
34.9                     0.5000000000000001
35                       0.5000000000000001
35.1                     0.5000000000000001
35.2                     0.5000000000000001
35.300000000000004       0.5000000000000001
35.4                     0.5000000000000001
35.5                     0.5000000000000001
35.6                     0.5000000000000001
35.7                     0.5000000000000001
35.800000000000004       0.5000000000000001
35.9                     0.5000000000000001
36                       0.5000000000000001
36.1                     0.5000000000000001
36.2                     0.5000000000000001
36.300000000000004       0.5000000000000001
36.4                     0.5000000000000001
36.5                     0.5000000000000001
36.6                     0.5000000000000001
36.7                     0.5000000000000001
36.800000000000004       0.5000000000000001
36.9                     0.5000000000000001
37                       0.5000000000000001
37.1                     0.5000000000000001
37.2                     0.5000000000000001
37.300000000000004       0.5000000000000001
37.4                     0.5000000000000001
37.5                     0.5000000000000001
37.6                     0.5000000000000001
37.7                     0.5000000000000001
37.800000000000004       0.5000000000000001
37.9                     0.5000000000000001
38                       0.5000000000000001
38.1                     0.5000000000000001
38.2                     0.5000000000000001
38.300000000000004       0.5000000000000001
38.400000000000006       0.5000000000000001
38.5                     0.5000000000000001
38.6                     0.5000000000000001
38.7                     0.5000000000000001
38.800000000000004       0.5000000000000001
38.900000000000006       0.5000000000000001
39                       0.5000000000000001
39.1                     0.5000000000000001
39.2                     0.5000000000000001
39.300000000000004       0.5000000000000001
39.400000000000006       0.5000000000000001
39.5                     0.5000000000000001
39.6                     0.5000000000000001
39.7                     0.5000000000000001
39.800000000000004       0.5000000000000001
39.900000000000006       0.5000000000000001
40                       0.5000000000000001
40.1                     0.5000000000000001
40.2                     0.5000000000000001
40.300000000000004       0.5000000000000001
40.400000000000006       0.5000000000000001
40.5                     0.5000000000000001
40.6                     0.5000000000000001
40.7                     0.5000000000000001
40.800000000000004       0.5000000000000001
40.900000000000006       0.5000000000000001
41                       0.5000000000000001
41.1                     0.5000000000000001
41.2                     0.5000000000000001
41.300000000000004       0.5000000000000001
41.400000000000006       0.5000000000000001
41.5                     0.5000000000000001
41.6                     0.5000000000000001
41.7                     0.5000000000000001
41.800000000000004       0.5000000000000001
41.900000000000006       0.5000000000000001
42                       0.5000000000000001
42.1                     0.5000000000000001
42.2                     0.5000000000000001
42.300000000000004       0.5000000000000001
42.400000000000006       0.5000000000000001
42.5                     0.5000000000000001
42.6                     0.5000000000000001
42.7                     0.5000000000000001
42.800000000000004       0.5000000000000001
42.900000000000006       0.5000000000000001
43                       0.5000000000000001
43.1                     0.5000000000000001
43.2                     0.5000000000000001
43.300000000000004       0.5000000000000001
43.400000000000006       0.5000000000000001
43.5                     0.5000000000000001
43.6                     0.5000000000000001
43.7                     0.5000000000000001
43.800000000000004       0.5000000000000001
43.900000000000006       0.5000000000000001
44                       0.5000000000000001
44.1                     0.5000000000000001
44.2                     0.5000000000000001
44.300000000000004       0.5000000000000001
44.400000000000006       0.5000000000000001
44.5                     0.5000000000000001
44.6                     0.5000000000000001
44.7                     0.5000000000000001
44.800000000000004       0.5000000000000001
44.900000000000006       0.5000000000000001
45                       0.5000000000000001
45.1                     0.5000000000000001
45.2                     0.5000000000000001
45.300000000000004       0.5000000000000001
45.400000000000006       0.5000000000000001
45.5                     0.5000000000000001
45.6                     0.5000000000000001
45.7                     0.5000000000000001
45.800000000000004       0.5000000000000001
45.900000000000006       0.5000000000000001
46                       0.5000000000000001
46.1                     0.5000000000000001
46.2                     0.5000000000000001
46.300000000000004       0.5000000000000001
46.400000000000006       0.5000000000000001
46.5                     0.5000000000000001
46.6                     0.5000000000000001
46.7                     0.5000000000000001
46.800000000000004       0.5000000000000001
46.900000000000006       0.5000000000000001
47                       0.5000000000000001
47.1                     0.5000000000000001
47.2                     0.5000000000000001
47.300000000000004       0.5000000000000001
47.400000000000006       0.5000000000000001
47.5                     0.5000000000000001
47.6                     0.5000000000000001
47.7                     0.5000000000000001
47.800000000000004       0.5000000000000001
47.900000000000006       0.5000000000000001
48                       0.5000000000000001
48.1                     0.5000000000000001
48.2                     0.5000000000000001
48.300000000000004       0.5000000000000001
48.400000000000006       0.5000000000000001
48.5                     0.5000000000000001
48.6                     0.5000000000000001
48.7                     0.5000000000000001
48.800000000000004       0.5000000000000001
48.900000000000006       0.5000000000000001
49                       0.5000000000000001
49.1                     0.5000000000000001
49.2                     0.5000000000000001
49.300000000000004       0.5000000000000001
49.400000000000006       0.5000000000000001
49.5                     0.5000000000000001
49.6                     0.5000000000000001
49.7                     0.5000000000000001
49.800000000000004       0.5000000000000001
49.900000000000006       0.5000000000000001
50                       0.5000000000000001
50.1                     0.5000000000000001
50.2                     0.5000000000000001
50.300000000000004       0.5000000000000001
50.400000000000006       0.5000000000000001
50.5                     0.5000000000000001
50.6                     0.5000000000000001
50.7                     0.5000000000000001
50.800000000000004       0.5000000000000001
50.900000000000006       0.5000000000000001
51                       0.5000000000000001
51.1                     0.5000000000000001
51.2                     0.5000000000000001
51.300000000000004       0.5000000000000001
51.400000000000006       0.5000000000000001
51.5                     0.5000000000000001
51.6                     0.5000000000000001
51.7                     0.5000000000000001
51.800000000000004       0.5000000000000001
51.900000000000006       0.5000000000000001
52                       0.5000000000000001
52.1                     0.5000000000000001
52.2                     0.5000000000000001
52.300000000000004       0.5000000000000001
52.400000000000006       0.5000000000000001
52.5                     0.5000000000000001
52.6                     0.5000000000000001
52.7                     0.5000000000000001
52.800000000000004       0.5000000000000001
52.900000000000006       0.5000000000000001
53                       0.5000000000000001
53.1                     0.5000000000000001
53.2                     0.5000000000000001
53.300000000000004       0.5000000000000001
53.400000000000006       0.5000000000000001
53.5                     0.5000000000000001
53.6                     0.5000000000000001
53.7                     0.5000000000000001
53.800000000000004       0.5000000000000001
53.900000000000006       0.5000000000000001
54                       0.5000000000000001
54.1                     0.5000000000000001
54.2                     0.5000000000000001
54.300000000000004       0.5000000000000001
54.400000000000006       0.5000000000000001
54.5                     0.5000000000000001
54.6                     0.5000000000000001
54.7                     0.5000000000000001
54.800000000000004       0.5000000000000001
54.900000000000006       0.5000000000000001
55                       0.5000000000000001
55.1                     0.5000000000000001
55.2                     0.5000000000000001
55.300000000000004       0.5000000000000001
55.400000000000006       0.5000000000000001
55.5                     0.5000000000000001
55.6                     0.5000000000000001
55.7                     0.5000000000000001
55.800000000000004       0.5000000000000001
55.900000000000006       0.5000000000000001
56                       0.5000000000000001
56.1                     0.5000000000000001
56.2                     0.5000000000000001
56.300000000000004       0.5000000000000001
56.400000000000006       0.5000000000000001
56.5                     0.5000000000000001
56.6                     0.5000000000000001
56.7                     0.5000000000000001
56.800000000000004       0.5000000000000001
56.900000000000006       0.5000000000000001
57                       0.5000000000000001
57.1                     0.5000000000000001
57.2                     0.5000000000000001
57.300000000000004       0.5000000000000001
57.400000000000006       0.5000000000000001
57.5                     0.5000000000000001
57.6                     0.5000000000000001
57.7                     0.5000000000000001
57.800000000000004       0.5000000000000001
57.900000000000006       0.5000000000000001
58                       0.5000000000000001
58.1                     0.5000000000000001
58.2                     0.5000000000000001
58.300000000000004       0.5000000000000001
58.400000000000006       0.5000000000000001
58.5                     0.5000000000000001
58.6                     0.5000000000000001
58.7                     0.5000000000000001
58.800000000000004       0.5000000000000001
58.900000000000006       0.5000000000000001
59                       0.5000000000000001
59.1                     0.5000000000000001
59.2                     0.5000000000000001
59.300000000000004       0.5000000000000001
59.400000000000006       0.5000000000000001
59.5                     0.5000000000000001
59.6                     0.5000000000000001
59.7                     0.5000000000000001
59.800000000000004       0.5000000000000001
59.900000000000006       0.5000000000000001
60                       0.5000000000000001
60.1                     0.5000000000000001
60.2                     0.5000000000000001
60.300000000000004       0.5000000000000001
60.400000000000006       0.5000000000000001
60.5                     0.5000000000000001
60.6                     0.5000000000000001
60.7                     0.5000000000000001
60.800000000000004       0.5000000000000001
60.900000000000006       0.5000000000000001
61                       0.5000000000000001
61.1                     0.5000000000000001
61.2                     0.5000000000000001
61.300000000000004       0.5000000000000001
61.400000000000006       0.5000000000000001
61.5                     0.5000000000000001
61.6                     0.5000000000000001
61.7                     0.5000000000000001
61.800000000000004       0.5000000000000001
61.900000000000006       0.5000000000000001
62                       0.5000000000000001
62.1                     0.5000000000000001
62.2                     0.5000000000000001
62.300000000000004       0.5000000000000001
62.400000000000006       0.5000000000000001
62.5                     0.5000000000000001
62.6                     0.5000000000000001
62.7                     0.5000000000000001
62.800000000000004       0.5000000000000001
62.900000000000006       0.5000000000000001
63                       0.5000000000000001
63.1                     0.5000000000000001
63.2                     0.5000000000000001
63.300000000000004       0.5000000000000001
63.400000000000006       0.5000000000000001
63.5                     0.5000000000000001
63.6                     0.5000000000000001
63.7                     0.5000000000000001
63.800000000000004       0.5000000000000001
63.900000000000006       0.5000000000000001
64                       0.5000000000000001
64.10000000000001        0.5000000000000001
64.2                     0.5000000000000001
64.3                     0.5000000000000001
64.4                     0.5000000000000001
64.5                     0.5000000000000001
64.60000000000001        0.5000000000000001
64.7                     0.5000000000000001
64.8                     0.5000000000000001
64.9                     0.5000000000000001
65                       0.5000000000000001
65.10000000000001        0.5000000000000001
65.2                     0.5000000000000001
65.3                     0.5000000000000001
65.4                     0.5000000000000001
65.5                     0.5000000000000001
65.60000000000001        0.5000000000000001
65.7                     0.5000000000000001
65.8                     0.5000000000000001
65.9                     0.5000000000000001
66                       0.5000000000000001
66.10000000000001        0.5000000000000001
66.2                     0.5000000000000001
66.3                     0.5000000000000001
66.4                     0.5000000000000001
66.5                     0.5000000000000001
66.60000000000001        0.5000000000000001
66.7                     0.5000000000000001
66.8                     0.5000000000000001
66.9                     0.5000000000000001
67                       0.5000000000000001
67.10000000000001        0.5000000000000001
67.2                     0.5000000000000001
67.3                     0.5000000000000001
67.4                     0.5000000000000001
67.5                     0.5000000000000001
67.60000000000001        0.5000000000000001
67.7                     0.5000000000000001
67.8                     0.5000000000000001
67.9                     0.5000000000000001
68                       0.4951378248882731
68.10000000000001        0.000002792553947230649
68.1103196061146         0
